Listas com 6 numeros:

2000: [0, 0, 0, 0, 0, 0]
2002: [80, 40, 60, 60, 60, 60]
119736: [336709, 372950, 91702, 9256, 6735, 3602]
46649132: [14151635, 26877317, 39016911, 31934398, 80577562, 74349786]
==========================================================================================================================================================================================

Listas com 12 numeros:
2002: [80, 40, 60, 60, 60, 60, 60, 60, 60, 60, 60, 60]
119736: [336709, 372950, 91702, 9256, 6735, 3602, 9744, 9455, 3970, 7609, 8968, 4250]
46649132: [14151635, 26877317, 39016911, 31934398, 80577562, 74349786, 89067824, 7727209, 975892, 365195, 367388, 973942]
==========================================================================================================================================================================================
Listas com 50 numeros:
2002: [80, 40, 60, 60, 60, 60, 60, 60, 60, 60, 60, 60, 60, 60, 60, 60, 60, 60, 60, 60, 60, 60, 60, 60, 60, 60, 60, 60, 60, 60, 60, 60, 60, 60, 60, 60, 60, 60, 60, 60, 60, 60, 60, 60, 60, 60, 60, 60, 60, 60]

119736: [336709, 372950, 91702, 9256, 6735, 3602, 9744, 9455, 3970, 7609, 8968, 4250, 625, 906, 208, 432, 866, 499, 490, 401, 608, 696, 844, 123, 151, 228, 519, 693, 802, 432, 866, 499, 490, 401, 608, 696, 844, 123, 
151, 228, 519, 693, 802, 432, 866, 499, 490, 401, 608, 696]

46649132: [14151635, 26877317, 39016911, 31934398, 80577562, 74349786, 89067824, 7727209, 975892, 365195, 367388, 973942, 563019, 990394, 880275, 884075, 588605, 455846, 795575, 939580, 810576, 33451, 18969, 59822, 78671, 89126, 43443, 87294, 20242, 9738, 8286, 6577, 2569, 5997, 9640, 9296, 4156, 2723, 4147, 1976, 9045, 8120, 9344, 3103, 6286, 5137, 3887, 1087, 1815, 2942]
==========================================================================================================================================================================================
Listas com 100 numeros:
2002: [80, 40, 60, 60, 60, 60, 60, 60, 60, 60, ..., 60, 60, 60, 60, 60, 60, 60, 60, 60, 60, 60, 60, 60, 60, 60, 60, 60, 60, 60, 60, 60]

119736: [336709, 372950, 91702, 9256, 6735, 3602, 9744, 9455, 3970, 7609, 8968, 4250, 625, 906, 208, 432, 866, 499, 490, 401, 608, 696, 844, 123, 151, 228, 519, 693, 802, 432, 866, 499, 490, 401, 608, 696, 844, 123, 
151, 228, 519, 693, 802, 432, 866, 499, 490, 401, 608, 696, 844, 123, 151, 228, 519, 693, 802, 432, 866, 499, 490, 401, 608, 696, 844, 123, 151, 228, 519, 693, 802, 432, 866, 499, 490, 401, 608, 696, 844, 123, 151, 228, 519, 693, 802, 
432, 866, 499, 490, 401, 608, 696, 844, 123, 151, 228, 519, 693, 802, 432]

46649132: [14151635, 26877317, 39016911, 31934398, 80577562, 74349786, 89067824, 7727209, 975892, 365195, 367388, 973942, 563019, 990394, 880275, 884075, 588605, 455846, 795575, 939580, 810576, 33451, 18969, 59822, 78671, 89126, 43443, 87294, 20242, 9738, 8286, 6577, 2569, 5997, 9640, 9296, 4156, 2723, 4147, 1976, 9045, 8120, 9344, 3103, 6286, 5137, 3887, 1087, 1815, 2942, 6553, 9418, 6987, 8181, 9287, 2483, 1652, 7291, 1586, 5153, 5534, 6251, 750, 
625, 906, 208, 432, 866, 499, 490, 401, 608, 696, 844, 123, 151, 228, 519, 693, 802, 432, 866, 499, 490, 401, 608, 696, 844, 123, 151, 228, 519, 693, 802, 432, 866, 499, 490, 401, 608]
==========================================================================================================================================================================================

1.d) Percebi que ao aumentantar a quantidade de numeros pedidos as casas decimais dos numeros pseudoaleatorios diminui, acredito que isso se deve pois nesse algoritmo é acrescentado zeros a esquerda para complementar os digitos do números.

2) Ao utilizar a função time.time() você recebe um número "aleatório", porém de voce utilizar essa função diversas vezes em sequência conseguirá perceber que os números estão em sequência, isso se deve pois essa função retornar em segundos do epoch, logo não essa sequência não é exatamente aleatória, então acho que para melhorar seria necessário fazer algum tratamento nesse número retornado pela função time.time()